38.0 
38.0 
40.0 
38.0 
38.0 
38.0 
38.0 
38.0 
38.0 
38.0 
38.0 
38.0 
38.0 
38.0 
39.0 
39.0 
39.0 
39.0 
38.0 
38.0 
38.0 
38.0 
38.0 
38.0 
39.0 
39.0 
39.0 
39.0 
39.0 
39.0 
39.0 
39.0 
39.0 
39.0 
39.0 
39.0 
37.0 
39.0 
39.0 
39.0 
36.0 
38.0 
39.0 
39.0 
38.0 
38.0 
41.0 
41.0 
38.0 
38.0 
39.0 
39.0 
39.0 
39.0 
38.0 
38.0 
39.0 
39.0 
39.0 
39.0 
39.0 
39.0 
39.0 
39.0 
38.0 
38.0 
39.0 
39.0 
40.0 
40.0 
39.0 
39.0 
39.0 
39.0 
43.0 
43.0 
39.0 
39.0 
39.0 
39.0 
39.0 
39.0 
39.0 
39.0 
39.0 
39.0 
39.0 
39.0 
39.0 
39.0 
39.0 
39.0 
39.0 
39.0 
39.0 
39.0 
39.0 
39.0 
39.0 
39.0 
