37.25 
37.625 
37.625 
37.875 
37.875 
36.625 
36.625 
38.375 
38.375 
37.875 
37.875 
37.625 
37.875 
37.875 
37.875 
37.875 
38.0 
38.0 
37.625 
37.625 
37.75 
37.75 
37.875 
37.875 
38.0 
38.0 
37.875 
37.875 
38.0 
38.0 
37.875 
37.875 
38.0 
38.0 
38.0 
38.0 
37.25 
37.25 
38.125 
38.125 
37.375 
37.375 
38.0 
38.0 
38.125 
38.125 
39.125 
39.125 
38.0 
38.0 
38.375 
38.375 
38.375 
38.375 
38.375 
38.375 
38.25 
38.25 
38.25 
38.25 
38.375 
38.375 
38.375 
38.375 
38.25 
38.25 
38.5 
38.5 
38.625 
38.625 
38.5 
38.5 
38.375 
38.375 
39.25 
39.25 
38.5 
38.5 
38.5 
38.5 
38.5 
38.5 
38.25 
38.25 
38.75 
38.75 
38.375 
38.375 
38.375 
38.375 
39.0 
39.0 
38.5 
38.5 
38.25 
38.25 
38.125 
38.125 
38.375 
38.375 
