1.609375 
0.984375 
1.1875 
1.1875 
1.25 
2.1875 
2.1875 
1.9375 
1.109375 
1.0 
1.359375 
1.484375 
1.234375 
1.0 
1.359375 
1.109375 
1.109375 
1.1875 
0.734375 
0.9375 
1.0 
0.984375 
1.609375 
0.859375 
0.859375 
1.359375 
1.359375 
1.0 
3.109375 
1.109375 
1.359375 
1.1875 
1.1875 
0.484375 
1.25 
1.359375 
1.109375 
0.609375 
1.0 
1.359375 
1.5 
1.609375 
1.0 
1.25 
1.234375 
1.234375 
0.984375 
0.609375 
0.859375 
1.234375 
0.9375 
0.75 
1.5 
0.609375 
0.609375 
1.109375 
1.109375 
0.984375 
1.25 
1.609375 
0.484375 
0.6875 
1.0 
0.609375 
0.6875 
1.109375 
1.0 
1.4375 
0.609375 
1.109375 
1.1875 
1.25 
1.4375 
0.859375 
1.609375 
1.609375 
1.0 
1.484375 
1.4375 
1.0 
1.109375 
1.109375 
1.609375 
1.75 
1.0 
1.109375 
1.859375 
1.0 
1.0 
1.25 
1.25 
1.75 
1.25 
1.109375 
1.109375 
1.25 
1.484375 
1.25 
1.484375 
1.5 
