2.9375 
1.234375 
1.234375 
1.359375 
1.359375 
0.984375 
0.984375 
2.984375 
2.984375 
1.359375 
1.359375 
3.234375 
0.859375 
0.859375 
1.359375 
1.359375 
1.25 
1.25 
1.484375 
1.484375 
1.6875 
1.6875 
1.359375 
1.359375 
1.5 
1.5 
1.109375 
1.109375 
1.5 
1.5 
1.359375 
1.359375 
1.25 
1.25 
1.5 
1.5 
1.4375 
1.4375 
1.609375 
1.609375 
0.984375 
0.984375 
0.75 
0.75 
1.609375 
1.609375 
2.359375 
2.359375 
1.25 
1.25 
0.984375 
0.984375 
1.234375 
1.234375 
0.984375 
0.984375 
1.1875 
1.1875 
1.1875 
1.1875 
0.984375 
0.984375 
1.734375 
1.734375 
2.1875 
2.1875 
1.75 
1.75 
1.734375 
1.734375 
1.0 
1.0 
1.234375 
1.234375 
3.4375 
3.4375 
1.0 
1.0 
1.75 
1.75 
1.5 
1.5 
0.9375 
0.9375 
1.4375 
1.4375 
1.734375 
1.734375 
0.984375 
0.984375 
2.0 
2.0 
0.75 
0.75 
1.4375 
1.4375 
0.859375 
0.859375 
0.984375 
0.984375 
