36.875 
36.625 
36.75 
36.75 
37.0 
37.25 
37.25 
36.75 
36.875 
37.0 
36.875 
36.625 
37.625 
37.0 
36.875 
36.875 
36.875 
36.75 
36.625 
36.75 
37.0 
36.625 
37.125 
37.125 
37.125 
37.875 
37.125 
37.0 
39.125 
37.125 
37.125 
36.75 
36.75 
37.375 
37.0 
36.875 
37.125 
36.875 
37.0 
36.875 
37.0 
37.125 
37.0 
37.0 
36.625 
36.625 
37.375 
37.125 
36.875 
37.625 
36.75 
37.0 
37.0 
37.125 
37.125 
36.875 
36.875 
37.375 
37.0 
36.875 
37.375 
37.25 
37.0 
37.125 
37.25 
36.875 
37.0 
36.75 
37.125 
37.125 
36.75 
37.0 
37.25 
37.125 
37.125 
37.125 
37.0 
36.625 
37.25 
37.0 
36.875 
36.875 
37.125 
37.0 
37.0 
36.875 
37.125 
37.0 
37.0 
37.0 
37.0 
37.0 
37.0 
36.875 
36.875 
37.0 
36.625 
37.0 
36.625 
37.0 
